2.33
3.43
2.9
2.35
2.8
2.6
2.83
4.03
3.03
1.88
2.78
2.33
2.32
3.25
2.75
2.65
3.37
2.52
2.95
1.98
2.4
2.8
2.27
2.08
2.37
2.38
2.27
2.03
2.57
2.85
2.75
2.9
2.87
3.1
3.35
2.52
2.82
2.23
2.83
2.32
2.88
2.32
2.72
2.42
2.13
1.72
2.02
2.33
2.17
1.78
2.02
2.9
2.92
2.35
1.92
2.35
2.8
2.47
2.27
2.68
2.13
3.0
2.55
2.48
2.37
2.52
2.78
2.1
1.98
1.95
2.12
2.8
3.08
2.6
2.7
2.62
2.55
2.33
2.93
2.38
2.97
2.38
2.32
2.08
3.0
2.12
1.73
2.58
2.03
2.57
2.8
2.9
2.32
2.67
3.2
2.15
2.18
3.12
2.88
2.42
3.03
2.05
2.67
2.17
2.13
2.78
2.9
2.95
1.95
2.43
2.68
3.95
2.73
2.33
2.95
2.65
3.83
2.67
3.5
2.68
2.88
2.73
2.73
2.52
2.12
2.43
2.8
3.87
2.68
2.53
2.67
2.28
2.25
2.13
2.42
2.65
2.43
2.58
2.35
2.68
3.72
2.13
2.57
2.43
2.93
3.3
2.68
2.67
1.98
2.93
2.3
2.65
3.9
2.9
2.68
2.87
2.43
3.07
1.98
2.77
2.48
4.22
2.6
3.2
2.87
1.83
2.95
1.77
2.72
2.7
2.78
2.7
3.18
1.78
2.8
2.38
2.3
2.0
2.25
2.27
2.13
2.4
3.2
2.58
1.85
2.4
1.93
3.3
3.67
2.67
1.47
3.23
3.37
2.53
2.95
2.6
2.13
2.62
2.87
3.08
2.27
2.58
2.18
2.58
3.07
3.12
2.92
2.82
1.7
2.5
2.27
3.05
2.47
2.27
2.78
2.57
2.55
2.13
2.82
4.3
2.38
2.25
3.18
3.1
4.18
2.52
2.8
2.9
1.93
1.83
2.93
2.47
2.48
3.18
3.18
2.48
2.53
2.23
2.6
1.73
3.2
2.43
3.92
2.02
3.02
3.15
2.33
2.42
1.82
2.52
2.83
2.53
2.83
3.02
2.85
3.13
2.7
3.25
2.08
2.43
2.6
2.25
2.38
2.65
2.13
3.1
2.2
2.23
2.62
2.48
2.68
2.9
2.53
1.5
2.4
2.72
2.42
2.57
2.77
2.27
2.53
2.17
2.38
2.82
2.7
3.1
2.53
3.07
2.08
2.48
2.32
2.93
2.02
2.03
2.8
1.93
2.77
2.6
2.6
3.15
2.17
2.52
2.45
2.63
2.55
2.28
2.28
2.67
2.12
2.93
2.5
2.32
2.9
2.87
2.12
2.48
2.03
2.48
3.0
2.28
1.6
2.83
1.85
2.68
1.35
2.98
2.77
2.63
4.03
2.0
2.67
4.07
2.13
2.68
2.58
2.78
1.83
3.47
2.63
2.63
2.8
2.58
3.27
3.1
4.18
4.25
2.27
2.42
3.07
1.83
2.35
2.55
2.53
2.93
2.73
2.73
2.3
3.42
2.55
2.37
2.95
2.6
2.47
2.37
2.33
2.77
2.47
2.17
2.82
2.93
3.03
3.92
3.0
1.68
2.05
3.08
2.7
2.78
2.78
2.58
3.0
2.63
2.0
3.17
2.17
3.05
3.98
2.68
2.67
2.67
3.1
3.02
2.62
4.1
2.8
2.27
2.65
2.58
2.55
2.08
2.2
2.63
2.35
2.65
2.32
3.32
2.38
2.95
3.27
2.68
2.88
2.88
3.62
3.25
3.02
2.65
2.18
1.85
3.97
3.25
2.93
2.55
2.3
3.12
2.28
2.73
2.77
3.62
2.55
2.42
2.58
3.3
2.3
2.13
2.3
3.72
4.17
2.8
2.3
2.53
2.23
2.05
2.65
3.08
2.0
2.58
2.35
3.83
2.62
4.35
2.28
2.68
2.98
2.57
2.22
2.63
2.35
3.73
2.77
2.47
2.93
2.18
3.27
2.77
2.28
2.15
2.78
2.13
1.67
2.88
2.3
2.4
2.7
2.28
3.12
3.13
2.92
2.55
2.17
2.83
3.0
2.15
2.8
2.43
2.58
1.85
2.48
3.13
3.93
2.22
2.5
2.65
3.12
2.5
2.22
3.88
1.88
2.67
3.62
2.18
2.25
2.53
3.73
2.87
2.95
3.42
2.78
2.58
1.95
2.33
2.97
3.32
2.28
4.07
2.87
3.08
2.98
4.05
2.35
3.5
2.42
3.72
2.22
2.38
2.9
3.33
2.68
2.92
2.92
2.55
2.92
2.13
2.52
2.67
2.72
2.87
3.83
2.5
2.57
2.2
4.12
1.77
3.02
2.58
2.08
2.77
2.65
4.53
3.78
2.47
2.28
2.83
2.92
2.35
2.73
1.57
2.72
3.35
2.25
2.65
4.32
2.8
2.67
2.98
2.55
2.32
2.47
2.37
1.87
2.77
2.3
2.08
3.03
2.67
2.02
2.48
3.0
2.97
2.63
2.5
2.78
2.2
3.02
2.7
3.1
2.6
2.53
2.63
2.87
1.78
3.78
3.4
2.2
3.6
3.38
2.9
3.58
2.7
2.4
4.18
2.3
2.6
2.48
2.7
2.2
2.6
2.78
3.63
3.7
2.67
2.2
2.92
2.45
2.65
2.63
2.58
2.52
3.32
2.6
2.42
2.8
2.55
2.0
2.5
2.38
2.93
2.95
2.4
2.55
2.93
2.3
2.18
3.18
3.08
3.05
2.6
2.47
3.08
2.85
4.02
2.6
2.28
3.83
2.68
2.77
2.12
2.73
3.85
2.87
2.85
4.37
2.6
2.73
1.62
2.53
2.78
3.55
2.48
2.37
2.78
1.62
4.52
2.32
3.42
2.33
3.27
2.57
2.92
1.85
3.07
3.32
2.48
2.62
2.43
1.92
2.07
1.9
2.82
2.7
1.93
2.67
2.62
2.53
2.73
4.43
1.5
2.03
2.65
2.23
2.32
3.95
2.6
2.77
4.28
2.53
3.0
3.38
1.62
2.67
3.03
2.5
3.97
2.73
2.6
2.95
2.5
2.15
2.67
4.48
2.45
2.18
2.6
2.62
2.62
2.97
2.38
2.82
3.27
2.53
2.75
2.57
2.3
3.5
3.1
2.9
2.67
2.65
2.78
2.75
2.87
2.12
2.5
2.68
2.83
2.78
2.33
2.33
2.4
1.65
2.15
1.78
2.78
2.53
2.53
2.87
2.53
3.1
2.3
2.0
2.53
3.95
1.17
2.02
3.48
2.93
3.22
3.75
3.32
3.1
2.98
3.9
3.33
4.15
2.33
1.25
4.13
3.3
3.2
1.9
3.92
4.12
4.18
3.83
2.53
4.43
2.55
3.25
4.38
4.45
3.9
1.77
3.9
3.37
4.3
2.87
3.67
4.28
2.65
3.1
3.98
2.42
2.57
4.25
3.23
4.5
4.13
3.12
3.77
3.08
3.15
3.22
3.03
2.97
3.82
4.1
2.68
3.68
3.52
4.03
4.32
2.8
4.1
3.77
4.0
3.67
2.58
2.13
3.92
4.18
2.43
4.5
2.12
2.0
2.72
2.25
2.53
2.6
1.77
3.27
2.48
2.82
2.85
1.72
2.92
2.68
2.3
2.37
2.47
2.43
3.85
2.6
2.52
2.73
2.97
2.0
2.4
4.15
3.97
3.7
3.73
2.85
4.12
1.82
2.62
4.38
1.9
1.77
2.67
2.47
3.13
3.88
3.6
1.9
2.33
3.12
2.47
2.77
2.1
4.25
2.45
2.42
4.22
3.72
4.05
3.9
2.08
2.57
2.77
2.47
2.22
2.9
3.88
4.02
2.5
4.7
2.13
2.37
1.85
2.47
2.68
2.1
2.6
2.42
2.5
2.62
3.63
2.25
2.6
2.47
2.8
2.57
2.33
1.73
2.02
2.2
2.33
3.13
4.03
3.6
2.12
2.6
2.3
4.52
2.83
3.88
4.13
2.43
4.23
2.8
2.88
2.23
3.25
2.07
2.77
2.73
2.62
2.25
2.28
1.97
2.75
2.7
3.18
2.25
1.53
2.32
2.88
4.03
3.02
4.02
4.05
2.73
1.93
2.48
2.37
4.0
2.55
2.58
2.55
2.52
2.35
4.23
2.28
2.25
1.67
2.73
1.72
2.88
1.92
2.43
2.22
2.4
3.57
2.2
2.58
2.55
2.15
2.65
2.55
1.95
2.17
1.95
2.82
4.05
4.1
2.43
2.62
2.32
2.03
4.18
4.22
3.07
4.2
3.87
2.65
3.88
3.58
2.37
2.42
2.88
3.0
2.68
2.55
3.57
2.95
3.68
4.32
3.9
4.23
2.53
2.68
3.65
2.22
3.1
2.72
2.57
2.43
2.78
2.38
2.67
2.6
2.53
2.78
2.65
3.8
3.68
2.42
4.25
2.7
2.25
2.75
2.83
2.13
2.25
2.58
2.43
2.07
2.72
3.15
2.35
3.0
2.93
2.53
2.62
2.65
2.65
4.17
2.5
2.37
4.37
2.75
2.67
2.5
2.45
2.47
2.78
2.17
2.9
2.48
2.8
3.07
2.58
2.72
2.13
2.42
2.55
2.82
3.28
2.67
2.5
2.2
3.1
2.6
3.07
2.47
2.88
3.2
2.45
2.63
2.1
2.67
1.88
3.68
4.68
2.92
2.5
2.73
1.82
2.47
2.58
2.22
2.75
2.88
3.32
4.2
2.63
2.47
2.6
2.8
2.63
2.97
2.8
2.38
2.3
2.57
4.27
2.47
2.82
2.7
3.25
2.82
2.77
2.75
2.97
1.95
2.58
3.57
2.37
3.8
2.5
2.5
2.92
2.7
2.62
2.65
2.67
2.52
2.65
2.88
3.08
2.55
2.2
3.08
2.18
3.17
2.33
2.62
2.7
4.2
1.77
2.07
2.6
2.08
2.55
2.43
2.85
2.42
2.05
2.37
4.27
2.1
2.67
2.3
2.73
2.4
3.43
3.12
2.6
2.5
2.55
3.7
3.25
2.32
2.45
2.93
2.5
1.72
2.73
2.35
2.13
2.83
3.02
2.58
2.42
2.85
1.92
2.47
2.67
2.67
3.05
2.53
2.18
4.02
2.85
2.55
2.9
2.03
2.83
2.5
2.42
2.18
2.07
2.25
4.0
2.57
2.4
2.4
2.43
2.52
2.03
2.42
1.87
2.63
1.87
2.3
3.45
2.55
2.4
2.63
2.93
2.5
1.65
2.55
2.63
3.15
2.83
3.75
2.7
2.68
2.33
2.65
2.32
2.63
3.1
2.75
2.02
2.22
1.98
2.75
2.55
2.32
2.95
2.4
2.72
2.75
2.65
2.9
3.27
3.85
2.6
2.7
2.8
2.9
2.85
2.2
1.97
2.65
2.75
2.4
2.87
2.92
2.68
1.93
2.75
3.07
2.35
2.68
2.33
2.9
1.93
3.9
2.47
2.02
2.42
2.75
2.6
2.1
2.9
2.72
2.77
2.62
3.65
2.87
2.83
2.98
2.88
2.72
2.35
2.15
2.47
2.35
2.9
3.25
2.22
2.43
2.85
2.13
2.72
2.9
2.4
2.78
2.32
2.63
2.43
2.2
3.07
3.12
2.83
1.97
2.7
2.65
2.8
2.43
2.25
2.75
2.77
3.5
2.35
2.22
2.95
2.7
2.67
2.57
2.0
4.25
3.3
2.4
2.63
2.73
2.62
2.78
2.38
2.58
2.0
2.83
2.43
1.67
2.93
2.95
2.78
2.67
3.13
2.47
3.02
2.17
2.72
2.15
3.53
2.75
2.95
1.75
2.78
2.3
3.05
2.9
2.62
2.67
2.9
4.15
3.05
2.92
2.77
2.73
2.1
2.7
1.88
2.93
2.17
2.55
4.27
2.85
2.6
2.92
2.95
2.8
2.9
2.17
2.78
2.58
3.62
3.08
2.65
2.85
2.57
2.77
2.8
2.85
2.98
3.03
2.55
2.7
3.15
1.88
2.42
2.6
2.67
2.48
2.48
2.82
2.97
2.7
3.18
3.45
2.45
2.15
3.03
2.9
2.43
2.73
2.8
2.6
3.1
2.28
4.03
2.43
2.73
2.6
2.98
3.02
2.88
2.82
2.62
1.93
2.9
2.93
2.23
2.52
2.43
2.87
2.92
2.68
3.35
2.97
2.67
3.03
3.25
1.85
2.37
1.98
2.6
2.72
2.48
2.85
2.78
1.8
1.97
2.8
3.57
2.6
2.85
2.2
2.45
2.87
2.62
2.72
2.13
2.52
2.97
3.62
2.85
2.83
3.0
2.25
1.98
2.95
2.83
3.05
2.7
2.52
1.9
2.93
2.83
2.18
2.83
2.3
1.78
2.63
2.92
2.83
1.98
1.6
2.7
2.62
2.68
2.82
2.95
2.9
2.75
2.55
2.95
2.53
3.87
2.27
2.53
2.35
3.35
4.2
3.08
2.43
4.35
3.3
3.97
2.92
3.1
3.57
1.95
3.27
3.63
3.6
3.02
3.92
1.88
2.98
2.92
2.13
3.3
2.33
2.32
3.73
3.12
3.57
4.12
3.55
2.13
2.48
3.3
2.6
2.55
2.75
2.9
3.82
2.1
2.32
4.37
2.65
2.98
2.78
2.85
2.22
2.73
2.88
1.98
1.88
2.55
4.08
2.55
2.07
3.15
2.68
3.0
3.77
2.82
2.8
2.73
1.63
4.2
2.97
3.27
2.65
2.93
2.62
2.02
2.47
2.93
1.9
2.32
4.4
2.65
3.58
2.37
3.7
2.58
2.05
3.28
2.35
2.35
3.58
3.93
3.6
2.68
2.15
3.55
2.28
2.18
2.98
2.87
2.4
2.43
3.65
2.42
2.22
1.83
3.3
2.52
1.92
2.43
3.17
2.9
2.65
3.95
2.3
2.45
3.2
2.63
3.05
2.7
2.73
2.88
2.75
2.52
4.38
3.32
2.78
2.67
2.85
2.7
2.77
2.4
2.3
2.97
3.12
3.93
2.42
2.25
3.05
3.7
2.75
2.73
2.62
2.75
2.35
2.52
3.93
3.35
2.62
3.0
2.73
2.02
3.15
2.52
2.13
2.33
2.62
3.05
4.25
2.8
2.42
2.4
2.83
2.4
3.03
2.6
3.78
2.95
2.15
3.67
3.12
2.62
2.77
2.48
2.87
2.92
2.63
2.6
2.75
2.67
4.17
2.78
2.7
3.63
3.05
2.33
2.9
2.12
3.18
2.53
2.82
4.32
2.85
2.4
4.52
3.53
3.68
2.07
3.3
2.5
2.43
2.8
3.97
2.6
1.73
3.5
3.2
2.97
2.15
2.33
2.93
3.15
2.93
3.3
2.82
3.0
2.82
2.15
2.53
2.27
2.87
2.77
3.1
4.02
4.5
3.33
2.68
2.98
2.78
2.58
2.97
2.72
2.03
2.83
3.85
4.3
2.05
1.93
3.03
2.82
3.95
2.65
2.58
2.83
3.08
3.17
2.62
2.75
3.3
2.52
3.18
2.67
3.8
3.17
2.43
2.93
3.77
4.28
3.37
2.22
3.77
2.7
2.67
3.02
3.9
2.67
3.43
2.47
4.1
2.68
2.65
2.57
2.63
2.12
1.92
2.87
2.9
2.9
2.45
2.65
1.98
2.45
1.93
2.45
2.67
2.38
3.07
3.12
2.72
2.92
2.9
3.43
2.48
2.15
2.75
2.4
2.17
3.33
2.8
2.62
2.78
3.2
4.43
2.35
3.13
3.05
2.93
3.32
2.1
2.7
2.98
1.75
2.87
2.58
2.55
2.3
2.1
3.13
2.45
2.32
2.8
3.03
3.08
2.77
2.87
2.3
2.75
3.15
3.07
2.93
3.6
2.72
3.15
2.68
2.55
2.52
3.35
2.75
3.25
2.43
3.8
2.57
2.45
3.22
2.15
3.5
4.12
2.7
2.47
2.23
2.97
2.67
3.67
3.07
2.43
3.4
2.07
2.52
2.6
3.55
3.18
2.9
2.85
2.88
3.47
2.85
3.15
3.05
4.07
3.38
3.1
2.68
2.27
2.23
2.23
3.38
2.45
2.62
3.1
2.77
2.18
2.8
3.95
2.18
2.75
2.33
2.68
2.42
2.58
2.58
2.35
3.33
3.7
3.18
2.52
3.83
3.15
2.67
2.93
2.57
2.72
2.28
2.3
2.83
2.17
2.23
2.98
2.83
3.17
2.88
2.22
2.68
2.63
3.12
2.55
2.55
2.32
2.27
2.95
2.33
3.0
3.32
2.6
2.6
3.0
2.83
3.02
2.27
2.38
4.02
3.67
2.57
2.67
2.62
2.48
2.55
2.7
2.42
2.65
2.12
2.92
2.77
2.92
2.65
2.27
2.93
3.75
2.68
2.52
3.1
2.15
3.42
2.83
1.87
2.52
2.7
2.75
3.63
2.42
2.78
3.97
2.9
2.67
2.63
2.13
2.9
2.67
4.07
2.8
2.12
2.3
2.73
2.18
2.93
1.85
2.88
2.7
2.37
3.88
4.45
2.75
2.45
2.82
2.77
2.48
3.2
3.08
2.75
2.67
2.7
2.48
3.63
2.05
2.77
2.27
2.28
2.18
3.42
1.92
2.42
2.63
2.52
3.4
2.27
2.9
2.35
2.63
2.13
3.17
2.75
2.62
2.93
2.12
2.77
2.72
3.03
2.52
2.73
3.15
3.73
3.43
2.58
2.78
2.45
3.55
3.7
2.9
2.7
3.58
3.83
3.6
3.58
4.42
4.42
3.58
3.48
4.45
4.3
3.92
4.13
4.1
4.57
3.5
3.83
3.58
2.38
3.28
4.08
4.0
4.15
3.87
3.53
4.43
4.43
4.37
3.93
3.65
3.18
3.63
3.63
4.27
3.9
3.67
4.58
4.37
3.97
3.67
2.28
4.28
4.45
4.23
4.18
4.42
3.62
4.18
4.12
3.55
4.32
2.15
3.83
4.22
3.67
3.8
3.1
4.02
4.33
4.47
4.23
3.87
4.28
2.78
4.2
3.52
4.37
4.35
3.58
3.72
3.92
3.65
2.28
4.7
3.98
4.32
4.32
4.07
4.45
3.5
3.88
3.93
3.47
4.05
4.02
2.17
4.52
3.95
3.43
4.27
3.9
3.98
3.32
4.27
4.32
3.58
2.37
4.05
3.75
3.67
3.98
4.63
4.27
4.32
4.4
3.75
4.28
3.17
4.65
4.45
4.22
2.97
3.9
3.87
3.88
4.17
4.65
3.68
1.33
4.0
3.93
3.95
4.42
4.12
3.82
3.45
3.8
4.4
4.45
2.77
3.47
4.2
4.07
3.68
3.42
3.58
4.33
3.95
4.6
4.15
2.72
4.52
3.8
3.25
4.18
3.97
3.95
3.48
3.87
3.9
3.93
3.6
3.92
3.68
4.28
4.18
3.57
3.47
4.12
4.17
3.6
4.48
3.0
3.72
3.45
4.32
3.98
3.48
4.32
3.07
3.38
3.85
3.75
3.92
3.1
3.72
4.0
4.52
4.07
4.38
3.57
4.3
4.4
4.13
3.87
2.88
3.92
3.67
3.85
3.75
4.3
3.55
3.42
3.43
3.95
4.6
2.42
3.23
3.93
3.5
3.33
3.42
3.95
3.65
4.57
4.32
3.72
2.4
3.72
3.7
3.77
3.0
3.9
4.22
4.08
3.9
4.0
3.68
2.32
4.13
3.53
4.3
2.92
4.28
3.45
2.77
3.23
3.93
4.12
2.23
3.6
1.95
3.2
2.27
2.75
4.5
2.8
2.93
2.95
2.9
2.62
2.93
2.67
2.07
2.98
4.18
3.53
3.17
1.88
3.03
3.63
2.38
2.07
2.6
2.67
2.65
3.98
3.12
3.63
2.83
4.28
2.87
3.2
2.88
2.67
3.15
3.08
3.72
3.45
4.42
3.4
3.0
2.95
2.77
2.68
2.87
2.88
2.55
2.47
2.82
4.45
3.33
2.47
2.52
3.25
2.7
2.37
2.88
3.65
2.28
2.95
4.15
2.97
2.23
2.68
2.83
2.93
2.65
2.58
2.45
2.0
2.48
2.85
2.87
2.68
3.22
3.27
2.33
2.18
3.13
2.43
3.52
2.75
2.68
2.93
2.18
1.82
2.1
3.7
2.55
2.37
3.8
2.77
2.3
3.95
4.5
2.22
3.4
3.7
2.88
2.63
2.37
2.7
2.6
2.85
4.02
2.67
2.35
3.48
3.32
3.6
3.25
2.5
2.98
2.45
2.77
2.58
3.05
2.97
2.67
3.82
2.55
2.72
4.12
4.13
2.95
2.6
3.63
2.25
2.98
2.9
2.78
2.12
2.28
2.97
2.38
2.58
2.45
3.7
3.97
3.57
3.28
2.92
2.6
2.9
2.22
2.95
2.3
3.27
2.75
3.05
2.53
2.73
2.47
3.05
2.85
2.7
3.23
2.82
2.88
3.07
4.17
2.85
3.05
2.98
3.95
2.95
3.03
2.35
2.88
2.88
2.6
4.03
2.38
2.42
2.73
4.33
2.55
2.4
2.82
3.12
3.25
2.73
2.4
2.93
2.65
2.25
3.0
2.78
3.18
2.77
1.88
2.58
2.95
3.15
3.7
3.08
2.27
2.83
3.42
2.78
2.3
3.18
2.68
2.28
3.32
2.67
3.08
3.07
2.53
2.58
3.08
3.08
2.92
2.5
3.45
2.92
2.67
3.2
2.87
2.42
2.5
2.83
2.55
3.72
2.4
2.57
2.95
3.13
2.52
2.95
2.6
2.65
2.88
3.02
2.72
2.72
1.8
2.62
2.32
2.92
2.43
2.53
2.13
2.02
2.7
2.53
2.8
4.18
4.17
2.6
2.13
2.55
2.62
2.78
2.98
4.27
2.43
2.67
4.43
2.93
2.98
2.5
2.25
2.6
2.6
2.73
2.72
3.58
2.87
2.85
2.08
2.83
2.75
3.02
1.87
2.98
2.72
2.02
2.63
2.13
2.47
2.88
2.77
3.0
3.97
2.82
2.37
3.0
2.9
3.18
2.35
2.57
1.93
2.28
2.57
2.45
2.62
3.12
2.48
2.47
2.4
2.58
2.73
2.62
2.33
3.25
2.82
3.15
2.52
1.55
2.43
2.8
2.53
2.97
2.48
3.43
2.57
2.6
2.22
3.6
2.7
3.18
2.02
2.87
2.98
2.75
2.45
2.27
2.62
3.0
2.57
2.73
3.12
2.6
3.52
2.63
3.6
2.67
2.98
2.75
2.6
3.05
2.87
2.62
2.6
2.65
2.47
2.62
3.12
2.65
2.7
2.98
2.75
2.65
2.63
2.72
2.17
2.85
4.32
2.98
2.43
2.78
2.78
3.18
2.53
3.13
3.02
2.23
2.92
2.55
4.28
2.82
2.87
3.23
2.97
3.0
2.88
2.63
2.5
2.33
2.48
4.48
3.75
2.73
2.38
2.8
2.98
3.25
3.05
1.72
2.97
2.73
2.52
2.48
2.65
2.63
2.73
3.03
2.85
3.35
2.6
2.57
3.25
3.23
2.08
2.63
2.77
2.65
3.13
3.95
2.33
2.68
3.17
2.98
2.65
3.73
2.5
2.35
2.48
2.43
2.75
2.17
3.2
2.57
2.75
3.82
3.4
3.03
3.02
2.75
2.1
2.9
2.63
3.28
2.88
2.88
2.75
2.63
2.8
2.85
2.75
2.72
2.63
2.7
2.8
3.08
2.22
2.15
2.88
2.9
3.07
3.77
2.63
3.78
2.67
2.48
2.78
2.75
2.47
3.42
2.8
2.33
2.87
2.52
2.27
2.62
3.1
2.45
3.77
2.67
3.07
3.58
2.7
2.52
3.12
2.45
2.08
3.73
3.18
2.3
2.7
2.48
2.72
2.6
2.63
2.37
2.47
2.62
2.87
2.62
2.77
2.67
2.98
2.78
3.6
2.72
2.82
2.17
2.87
2.87
2.37
3.53
2.33
3.02
3.13
3.33
2.52
2.63
3.4
3.5
2.23
2.88
2.65
3.0
3.13
3.08
2.57
2.55
2.3
2.82
2.33
3.15
2.75
2.55
2.83
4.55
2.35
3.1
2.7
2.7
2.9
2.6
2.62
2.62
2.43
2.35
2.32
2.35
3.18
3.68
2.9
3.17
2.18
2.62
2.87
2.12
3.0
2.98
3.05
2.38
3.58
2.82
3.05
2.67
2.8
2.83
2.95
2.73
3.83
2.37
2.65
2.43
2.87
2.45
2.85
2.6
1.72
2.48
2.88
3.47
4.03
2.97
3.23
3.2
3.93
2.92
2.1
3.32
3.1
2.62
3.95
2.83
2.5
2.88
3.37
2.97
2.67
2.58
3.32
2.63
3.33
2.72
2.05
3.05
2.92
2.43
1.58
2.42
3.03
3.18
2.78
3.02
2.53
3.02
1.9
2.98
2.67
2.12
2.43
2.98
2.7
2.58
2.6
2.27
2.45
2.63
2.7
2.33
2.47
4.02
2.72
4.03
4.18
4.33
4.18
2.48
2.92
4.15
3.23
3.3
4.12
3.63
4.02
4.47
4.22
3.47
3.63
4.45
3.8
3.52
4.4
3.62
4.17
4.28
4.08
3.45
4.2
3.6
3.38
3.9
3.52
4.48
3.8
4.48
4.17
4.33
3.88
4.42
2.68
4.05
4.43
3.97
4.22
3.87
3.73
4.02
4.08
4.0
3.32
3.18
3.27
3.9
4.02
3.37
3.12
3.25
2.9
3.62
4.15
4.43
2.75
4.15
3.8
4.32
3.83
4.2
2.92
3.83
4.02
3.0
3.77
4.35
2.82
4.5
4.02
3.38
4.12
2.8
4.15
3.75
4.25
3.98
4.25
2.45
4.43
4.37
3.83
4.23
4.08
3.97
4.13
4.03
4.0
3.93
4.07
4.28
4.03
4.3
3.2
3.55
3.57
3.43
4.1
4.32
4.15
3.73
3.55
3.98
4.4
3.43
4.07
4.2
4.02
4.0
3.8
3.98
3.08
3.93
3.03
4.28
4.02
3.77
3.58
4.32
3.85
3.72
4.28
2.5
3.22
2.47
4.37
2.98
3.1
2.47
2.4
2.73
2.65
2.28
2.7
2.6
2.92
2.88
2.78
2.67
3.95
2.68
2.15
2.53
4.43
2.68
2.13
3.05
3.05
2.4
2.67